 (HA6348)           8/04 ～ 26/06                     月　別　売　上　数 ( 受注含む )                                                    26/06/10    1  頁                                                                                                                                                                                            
           品　目　名                          |   年度  | 4-9 月  |10-3 月  |  　４月  　５月  　６月  　７月  　８月  　９月  １０月  １１月  １２月  　１月  　２月  　３月                                                                                                                                                
03851    TWPF30N ﾎﾝﾀｲ                    19 年 |      2  |         |      2  |                                                                               1       1         |                                                                                                                                                                            
                                         20 年 |     29  |      7  |     22  |               3       1               3                       2       6       6       3       5 |                                                                                                                                                                            
                                         21 年 |     40  |     25  |     15  |       9       2       5       1       2       6       4       2       3       3       3         |                                                                                                                                                                            
                                         22 年 |     48  |     23  |     25  |       3               3       9       8               5       5       3       5       4       3 |                                                                                                                                                                            
                                         23 年 |     55  |     26  |     29  |       4       6       5       4       3       4       4       4      11       4       5       1 |                                                                                                                                                                            
                                         24 年 |     55  |     25  |     30  |       3       2       6       4       6       4       5       4       2       5       6       8 |                                                                                                                                                                            
                                         25 年 |     71  |     28  |     43  |       4               6       8       3       7       9      11       1       8       6       8 |                                                                                                                                                                            
                                         26 年 |      8  |      8  |         |       2       4       2                                                                         |                                                                                                                                                                            
                                            計 |    308  |    142  |    166  |                                                                                                                                                                                                                                                                              
03852    TWPF30ND ﾎﾝﾀｲ                   20 年 |      5  |         |      5  |                                                               2       2       1                 |                                                                                                                                                                            
                                         21 年 |      9  |      4  |      5  |                       1                       3               2               3                 |                                                                                                                                                                            
                                         22 年 |     13  |      7  |      6  |       1       2       1                       3       1       1                               4 |                                                                                                                                                                            
                                         23 年 |     14  |      5  |      9  |       1                       1               3       5       1       2       1                 |                                                                                                                                                                            
                                         24 年 |     10  |      3  |      7  |       1                       1       1               1       4               1       1         |                                                                                                                                                                            
                                         25 年 |      4  |      2  |      2  |                                               2       1               1                         |                                                                                                                                                                            
                                         26 年 |      2  |      2  |         |       2                                                                                         |                                                                                                                                                                            
                                            計 |     57  |     23  |     34  |                                                                                                                                                                                                                                                                              
03987    TWPF30NDR ﾎﾝﾀｲ                  22 年 |      3  |      1  |      2  |       1                                                                               1       1 |                                                                                                                                                                            
03966    TWPF45N ﾎﾝﾀｲ                    20 年 |      1  |         |      1  |                                                                                       1         |                                                                                                                                                                            
                                         21 年 |      3  |      2  |      1  |                               2                                                       1         |                                                                                                                                                                            
                                         22 年 |      3  |      3  |         |               2               1                                                                 |                                                                                                                                                                            
                                         23 年 |      2  |      1  |      1  |                       1                                                       1                 |                                                                                                                                                                            
                                         25 年 |      1  |      1  |         |                       1                                                                         |                                                                                                                                                                            
                                         26 年 |      1  |      1  |         |       1                                                                                         |                                                                                                                                                                            
                                            計 |     11  |      8  |      3  |                                                                                                                                                                                                                                                                              
03975    TWPF45ND ﾎﾝﾀｲ                   20 年 |      5  |         |      5  |                                                                       2       3                 |                                                                                                                                                                            
                                         22 年 |      2  |         |      2  |                                                                       1               1         |                                                                                                                                                                            
                                         23 年 |      4  |      3  |      1  |               2               1                                       1                         |                                                                                                                                                                            
                                            計 |     11  |      3  |      8  |                                                                                                                                                                                                                                                                              
03967    TWPF601N ﾎﾝﾀｲ                   21 年 |      1  |      1  |         |               1                                                                                 |                                                                                                                                                                            
                                         22 年 |      2  |         |      2  |                                                                                       2         |                                                                                                                                                                            
                                         24 年 |      2  |         |      2  |                                                                       2                         |                                                                                                                                                                            
                                         25 年 |      2  |         |      2  |                                                                               2                 |                                                                                                                                                                            
                                         26 年 |      1  |      1  |         |               1                                                                                 |                                                                                                                                                                            
                                            計 |      8  |      2  |      6  |                                                                                                                                                                                                                                                                              
03976    TWPF601ND ﾎﾝﾀｲ                  22 年 |      1  |      1  |         |               1                                                                                 |                                                                                                                                                                            
97182    BWR ｺｶﾞﾀﾖｳﾑｾﾝﾘﾓｺﾝ               22 年 |     18  |      8  |     10  |                               1               7       7               2       1                 |                                                                                                                                                                            
                                         23 年 |     36  |     13  |     23  |       1                       3       7       2       6       5       8       1       1       2 |                                                                                                                                                                            
                                         24 年 |     22  |     17  |      5  |       7       7       1       1       1               2               1                       2 |                                                                                                                                                                            
                                         25 年 |     35  |     17  |     18  |       1       5       1       6       1       3       2       2       5               1       8 |                                                                                                                                                                            
                                         26 年 |     10  |     10  |         |       6       4                                                                                 |                                                                                                                                                                            
                                            計 |    121  |     65  |     56  |                                                                                                                                                                                                                                                                              
03968    TWPF602N ﾎﾝﾀｲ                   20 年 |      1  |         |      1  |                                                       1                                         |                                                                                                                                                                            
                                         21 年 |      5  |      2  |      3  |               1       1                                               1       1       1         |                                                                                                                                                                            
                                         22 年 |      5  |      4  |      1  |               1               1       2                                               1         |                                                                                                                                                                            
                                         23 年 |      5  |      1  |      4  |                               1                               3                               1 |                                                                                                                                                                            
                                         24 年 |      4  |      2  |      2  |                               1       1                       2                                 |                                                                                                                                                                            
                                         25 年 |     10  |      1  |      9  |                                               1       4       3       2                         |                                                                                                                                                                            
                                         26 年 |      5  |      5  |         |       1               4                                                                         |                                                                                                                                                                            
                                            計 |     35  |     15  |     20  |                                                                                                                                                                                                                                                                              
03977    TWPF602ND ﾎﾝﾀｲ                  21 年 |      4  |      2  |      2  |                                       2                                       2                 |                                                                                                                                                                            
                                         22 年 |      4  |      1  |      3  |               1                                               2                       1         |                                                                                                                                                                            
                                            計 |      8  |      3  |      5  |                                                                                                                                                                                                                                                                              
